Function ID: 6
Independent variables (seps): 700
Dependent groups (nonseps): 7
Total FEs: 51210
GSS FEs: 32716
Out of bound times: 0
Max detection step: 10.0

Independent variables:
[0, 1, 2, 3, 4, 5, 7, 9, 10, 11, 13, 14, 18, 19, 20, 21, 23, 24, 27, 28, 29, 31, 32, 33, 34, 36, 37, 38, 39, 40, 41, 43, 44, 45, 46, 47, 48, 50, 51, 52, 53, 54, 55, 56, 59, 60, 61, 62, 64, 65, 66, 68, 70, 72, 74, 77, 78, 79, 80, 81, 82, 83, 84, 85, 89, 90, 91, 93, 95, 99, 100, 101, 102, 103, 105, 106, 107, 108, 109, 110, 111, 115, 116, 117, 118, 119, 120, 121, 123, 124, 126, 128, 130, 132, 133, 135, 136, 139, 141, 142, 143, 145, 146, 148, 149, 150, 151, 152, 154, 157, 159, 160, 161, 162, 163, 166, 167, 168, 169, 171, 172, 173, 174, 175, 177, 178, 180, 181, 182, 184, 189, 190, 191, 192, 194, 196, 197, 198, 199, 200, 201, 203, 204, 206, 207, 208, 209, 210, 212, 213, 214, 215, 216, 217, 219, 220, 221, 222, 223, 224, 228, 229, 230, 232, 233, 235, 236, 238, 242, 243, 245, 246, 249, 251, 253, 254, 256, 257, 258, 259, 260, 261, 262, 264, 265, 266, 267, 268, 269, 271, 272, 273, 274, 275, 276, 277, 278, 279, 280, 281, 282, 283, 285, 286, 289, 290, 292, 293, 294, 295, 296, 297, 299, 300, 301, 302, 303, 304, 305, 306, 307, 308, 309, 311, 312, 314, 315, 316, 317, 318, 319, 321, 322, 323, 324, 325, 326, 329, 330, 332, 335, 336, 340, 341, 343, 344, 345, 346, 347, 348, 349, 351, 356, 357, 359, 361, 362, 363, 364, 365, 367, 368, 369, 371, 372, 373, 374, 375, 377, 379, 380, 383, 384, 385, 386, 387, 388, 389, 390, 392, 393, 394, 395, 397, 398, 400, 401, 402, 403, 405, 406, 407, 409, 411, 412, 413, 415, 418, 420, 421, 423, 427, 429, 431, 432, 433, 434, 435, 438, 439, 440, 441, 442, 444, 447, 448, 450, 451, 452, 455, 457, 458, 461, 462, 463, 465, 467, 468, 471, 472, 473, 474, 475, 476, 477, 479, 480, 483, 485, 487, 488, 489, 491, 492, 493, 495, 496, 497, 499, 500, 501, 502, 504, 508, 509, 510, 511, 512, 514, 517, 518, 519, 520, 521, 522, 523, 525, 527, 528, 529, 530, 532, 533, 534, 535, 536, 537, 538, 539, 542, 543, 545, 546, 549, 552, 553, 556, 557, 558, 560, 561, 562, 564, 565, 566, 567, 568, 569, 570, 571, 574, 575, 577, 579, 582, 584, 586, 587, 588, 589, 590, 591, 593, 595, 596, 597, 598, 599, 601, 602, 603, 604, 605, 606, 607, 608, 611, 613, 614, 615, 617, 618, 619, 620, 622, 623, 625, 626, 627, 628, 631, 632, 635, 636, 637, 638, 639, 640, 641, 644, 645, 647, 648, 650, 651, 653, 654, 655, 656, 658, 659, 660, 661, 662, 664, 665, 666, 667, 668, 669, 670, 672, 673, 674, 677, 678, 680, 681, 683, 684, 686, 689, 690, 691, 692, 693, 694, 696, 697, 698, 699, 700, 701, 702, 703, 705, 706, 707, 708, 710, 714, 716, 718, 720, 721, 722, 723, 724, 725, 727, 728, 729, 730, 731, 732, 733, 734, 735, 736, 737, 738, 741, 742, 745, 746, 747, 748, 751, 752, 753, 754, 755, 756, 757, 758, 759, 760, 762, 763, 764, 765, 766, 767, 768, 769, 770, 773, 776, 778, 779, 780, 781, 782, 783, 784, 785, 787, 788, 789, 790, 792, 795, 796, 797, 802, 803, 805, 806, 807, 809, 810, 811, 813, 814, 815, 816, 817, 818, 821, 822, 824, 827, 828, 829, 830, 831, 833, 834, 836, 837, 838, 839, 840, 841, 842, 845, 846, 848, 849, 852, 854, 855, 856, 859, 863, 864, 866, 869, 870, 871, 872, 873, 875, 877, 878, 879, 880, 881, 882, 883, 884, 885, 886, 887, 888, 889, 890, 891, 892, 895, 897, 898, 899, 900, 902, 903, 904, 907, 908, 910, 911, 912, 914, 916, 919, 922, 923, 924, 926, 927, 928, 929, 931, 932, 937, 938, 939, 941, 942, 943, 945, 946, 947, 948, 949, 951, 953, 957, 958, 959, 960, 961, 962, 963, 964, 966, 967, 968, 969, 971, 973, 977, 978, 979, 981, 982, 983, 984, 985, 986, 987, 988, 992, 993, 994, 995, 996, 997, 998, 999]

Dependent groups:
Group 1 (size=100): [516, 6, 8, 524, 22, 541, 35, 548, 550, 42, 563, 63, 86, 87, 600, 88, 94, 97, 609, 621, 112, 113, 624, 633, 122, 642, 137, 649, 140, 652, 153, 156, 158, 165, 682, 687, 183, 185, 704, 712, 713, 739, 740, 237, 239, 241, 244, 761, 771, 774, 263, 775, 777, 270, 793, 284, 288, 800, 291, 825, 832, 844, 338, 851, 853, 342, 857, 858, 860, 353, 355, 876, 366, 370, 391, 905, 915, 925, 414, 417, 930, 933, 935, 936, 425, 426, 940, 436, 437, 950, 445, 965, 453, 459, 972, 464, 470, 482, 490, 494]
Group 2 (size=25): [896, 134, 15, 144, 399, 657, 147, 410, 26, 794, 416, 676, 812, 823, 313, 187, 73, 75, 331, 991, 360, 240, 629, 248, 255]
Group 3 (size=50): [129, 643, 138, 909, 526, 16, 404, 918, 791, 408, 540, 287, 671, 164, 944, 49, 819, 695, 57, 954, 955, 186, 443, 67, 195, 709, 202, 843, 715, 974, 976, 337, 850, 211, 469, 726, 861, 990, 96, 225, 98, 227, 352, 865, 234, 630, 247, 376, 505, 127]
Group 4 (size=50): [382, 646, 12, 17, 786, 531, 25, 799, 801, 547, 679, 551, 554, 555, 428, 430, 559, 952, 826, 58, 572, 956, 446, 576, 193, 578, 580, 581, 69, 583, 454, 334, 847, 975, 594, 339, 466, 989, 350, 481, 610, 354, 612, 486, 231, 503, 378, 252, 381, 894]
Group 5 (size=25): [515, 30, 544, 422, 170, 298, 685, 179, 188, 573, 449, 711, 327, 328, 333, 980, 478, 226, 867, 358, 743, 874, 114, 506, 893]
Group 6 (size=25): [513, 131, 772, 901, 396, 917, 920, 921, 798, 675, 808, 688, 820, 835, 71, 970, 76, 205, 592, 218, 484, 104, 498, 250, 125]
Group 7 (size=25): [906, 913, 663, 155, 419, 804, 934, 424, 176, 310, 320, 456, 585, 460, 717, 719, 92, 862, 868, 616, 744, 749, 750, 634, 507]
