Function ID: 9
Independent variables (seps): 0
Dependent groups (nonseps): 20
Total FEs: 57681
GSS FEs: 27107
Out of bound times: 0
Max detection step: 1.0

Independent variables:
[]

Dependent groups:
Group 1 (size=50): [0, 128, 771, 648, 404, 661, 150, 410, 284, 285, 669, 415, 799, 32, 35, 425, 430, 943, 46, 691, 437, 181, 440, 316, 61, 574, 706, 834, 68, 713, 76, 845, 593, 594, 722, 596, 211, 855, 728, 993, 995, 356, 487, 872, 117, 502, 118, 376, 122, 891]
Group 2 (size=50): [1, 258, 517, 902, 776, 910, 530, 536, 794, 156, 412, 672, 677, 422, 45, 431, 176, 946, 821, 310, 184, 314, 186, 698, 828, 702, 954, 958, 452, 197, 456, 587, 204, 718, 467, 723, 602, 475, 603, 991, 738, 227, 866, 743, 112, 371, 377, 892, 125, 766]
Group 3 (size=100): [2, 3, 519, 14, 22, 31, 545, 547, 37, 43, 563, 53, 569, 579, 583, 586, 83, 608, 97, 616, 619, 113, 627, 628, 633, 124, 638, 127, 642, 659, 666, 162, 675, 165, 678, 167, 170, 682, 173, 175, 178, 188, 194, 196, 716, 719, 721, 725, 223, 228, 233, 748, 749, 755, 756, 253, 767, 770, 773, 780, 272, 274, 792, 291, 805, 298, 299, 811, 815, 305, 306, 317, 319, 843, 844, 334, 846, 336, 341, 863, 355, 361, 877, 366, 894, 386, 916, 935, 945, 948, 951, 965, 455, 973, 469, 983, 473, 484, 996, 501]
Group 4 (size=100): [4, 6, 8, 525, 33, 49, 565, 581, 77, 589, 79, 597, 600, 604, 93, 96, 610, 611, 101, 105, 106, 121, 635, 645, 650, 652, 143, 147, 149, 153, 667, 163, 164, 683, 688, 694, 697, 195, 205, 220, 736, 231, 236, 247, 762, 254, 259, 267, 277, 280, 286, 800, 808, 297, 822, 313, 831, 333, 848, 337, 851, 864, 359, 878, 367, 369, 370, 373, 380, 397, 914, 406, 413, 414, 925, 926, 417, 929, 420, 933, 947, 949, 955, 447, 960, 449, 961, 962, 461, 465, 468, 980, 471, 479, 480, 481, 498, 500, 507, 511]
Group 5 (size=25): [5, 38, 86, 159, 216, 243, 244, 275, 323, 353, 378, 428, 495, 555, 649, 679, 703, 715, 753, 754, 814, 847, 924, 966, 987]
Group 6 (size=50): [384, 385, 515, 133, 774, 7, 135, 393, 905, 654, 527, 148, 21, 151, 409, 282, 540, 157, 670, 798, 932, 551, 41, 171, 687, 434, 819, 439, 60, 189, 451, 836, 198, 72, 971, 80, 210, 85, 89, 483, 229, 108, 237, 238, 365, 508, 882, 115, 760, 252]
Group 7 (size=100): [512, 513, 516, 9, 13, 16, 17, 528, 532, 26, 30, 543, 548, 42, 571, 575, 64, 65, 66, 67, 580, 582, 584, 81, 92, 95, 100, 624, 625, 629, 119, 637, 129, 131, 132, 655, 656, 658, 665, 673, 180, 203, 724, 217, 735, 242, 763, 764, 765, 261, 784, 276, 789, 278, 281, 797, 293, 809, 813, 817, 315, 827, 829, 325, 837, 839, 849, 854, 352, 867, 375, 387, 390, 394, 399, 401, 915, 408, 418, 931, 426, 438, 441, 442, 444, 957, 446, 967, 458, 463, 464, 976, 466, 981, 474, 990, 485, 491, 504, 506]
Group 8 (size=25): [388, 518, 266, 10, 140, 269, 395, 668, 166, 295, 432, 567, 972, 717, 590, 601, 988, 349, 486, 742, 489, 493, 499, 505, 251]
Group 9 (size=50): [11, 19, 44, 48, 114, 142, 144, 221, 324, 327, 335, 346, 351, 363, 372, 383, 450, 482, 492, 494, 553, 557, 576, 578, 585, 620, 623, 631, 632, 636, 692, 714, 732, 752, 768, 775, 796, 816, 825, 830, 858, 879, 887, 919, 922, 937, 939, 942, 963, 975]
Group 10 (size=100): [12, 25, 36, 51, 59, 63, 87, 90, 116, 126, 130, 139, 158, 161, 187, 219, 222, 239, 240, 248, 249, 255, 260, 270, 271, 287, 307, 328, 330, 331, 344, 350, 358, 364, 368, 381, 382, 392, 398, 400, 402, 405, 436, 445, 503, 521, 531, 539, 558, 562, 568, 570, 592, 598, 613, 626, 639, 641, 647, 651, 653, 660, 680, 711, 726, 727, 729, 730, 750, 758, 761, 778, 781, 785, 787, 788, 795, 807, 838, 842, 850, 856, 857, 862, 865, 870, 871, 876, 897, 908, 909, 913, 917, 918, 923, 952, 978, 979, 982, 998]
Group 11 (size=25): [15, 29, 71, 73, 78, 208, 232, 241, 289, 340, 345, 374, 490, 510, 550, 564, 566, 599, 693, 695, 710, 790, 835, 901, 938]
Group 12 (size=100): [522, 529, 18, 20, 534, 538, 541, 546, 549, 40, 552, 554, 47, 560, 54, 572, 75, 591, 595, 84, 91, 605, 94, 98, 99, 612, 104, 622, 123, 644, 141, 657, 662, 152, 671, 160, 676, 690, 179, 701, 191, 192, 199, 206, 207, 214, 734, 226, 739, 740, 741, 235, 747, 245, 757, 250, 769, 263, 264, 777, 782, 791, 288, 290, 810, 300, 303, 308, 309, 823, 824, 329, 332, 338, 339, 342, 347, 860, 861, 354, 868, 875, 881, 904, 907, 912, 407, 930, 934, 423, 940, 433, 956, 460, 974, 470, 985, 476, 989, 994]
Group 13 (size=25): [772, 391, 906, 268, 396, 533, 23, 801, 674, 802, 421, 936, 686, 559, 689, 435, 52, 318, 190, 577, 453, 731, 999, 111, 886]
Group 14 (size=25): [24, 136, 168, 174, 200, 234, 256, 360, 379, 424, 457, 459, 520, 556, 573, 640, 663, 664, 737, 759, 783, 873, 899, 911, 927]
Group 15 (size=25): [896, 134, 523, 786, 27, 416, 941, 302, 312, 700, 705, 709, 454, 970, 859, 992, 225, 357, 230, 617, 618, 745, 880, 246, 120]
Group 16 (size=25): [257, 900, 262, 646, 526, 273, 283, 28, 544, 169, 304, 818, 55, 953, 321, 964, 70, 712, 82, 215, 986, 606, 102, 614, 895]
Group 17 (size=50): [643, 265, 138, 524, 146, 279, 537, 154, 542, 928, 34, 803, 292, 294, 681, 172, 684, 685, 812, 820, 182, 311, 57, 443, 62, 959, 832, 448, 969, 74, 462, 720, 213, 472, 218, 478, 607, 224, 488, 362, 107, 109, 110, 751, 497, 884, 885, 630, 889, 634]
Group 18 (size=25): [39, 56, 88, 103, 137, 183, 185, 193, 201, 212, 411, 509, 561, 696, 708, 744, 779, 804, 826, 840, 841, 903, 921, 950, 977]
Group 19 (size=25): [50, 69, 145, 155, 177, 301, 343, 419, 427, 496, 609, 621, 699, 707, 733, 746, 793, 833, 852, 869, 874, 893, 898, 944, 997]
Group 20 (size=25): [58, 202, 209, 296, 320, 322, 326, 348, 389, 403, 429, 477, 514, 535, 588, 615, 704, 806, 853, 883, 888, 890, 920, 968, 984]
