Function ID: 13
Independent variables (seps): 23
Dependent groups (nonseps): 3
Total FEs: 59416
GSS FEs: 25621
Out of bound times: 0
Max detection step: 10.0

Independent variables:
[14, 37, 148, 186, 236, 249, 277, 284, 295, 305, 350, 536, 565, 595, 645, 682, 694, 701, 829, 836, 879, 885, 903]

Dependent groups:
Group 1 (size=532): [0, 2, 6, 7, 8, 9, 11, 12, 13, 16, 17, 18, 19, 20, 21, 23, 24, 25, 27, 30, 32, 33, 34, 35, 36, 39, 40, 41, 42, 43, 44, 45, 46, 47, 48, 52, 53, 55, 56, 59, 60, 61, 64, 65, 67, 69, 70, 72, 74, 75, 76, 77, 79, 81, 82, 83, 84, 87, 88, 89, 91, 92, 93, 94, 95, 96, 105, 106, 109, 110, 111, 112, 116, 119, 120, 121, 123, 124, 126, 130, 131, 135, 136, 139, 140, 142, 145, 146, 147, 150, 151, 155, 156, 159, 160, 162, 163, 164, 168, 171, 173, 176, 177, 179, 180, 181, 182, 183, 188, 189, 190, 191, 192, 193, 194, 195, 196, 199, 200, 201, 203, 204, 205, 207, 210, 211, 212, 213, 214, 215, 216, 217, 218, 219, 221, 222, 223, 224, 225, 230, 231, 233, 234, 235, 237, 238, 239, 240, 241, 242, 243, 244, 245, 246, 247, 251, 253, 254, 256, 257, 258, 259, 261, 262, 263, 265, 268, 269, 270, 271, 272, 273, 278, 279, 280, 282, 283, 285, 286, 287, 289, 290, 291, 293, 294, 298, 301, 302, 303, 304, 306, 307, 309, 310, 311, 312, 313, 322, 323, 327, 330, 331, 332, 335, 336, 339, 340, 342, 343, 344, 348, 349, 351, 352, 353, 354, 355, 356, 357, 358, 359, 361, 363, 366, 368, 370, 371, 373, 378, 380, 381, 382, 383, 385, 387, 388, 389, 390, 391, 392, 393, 395, 397, 398, 400, 403, 406, 407, 408, 409, 410, 412, 413, 416, 418, 421, 423, 424, 428, 430, 431, 432, 434, 438, 439, 440, 441, 442, 447, 450, 451, 455, 456, 461, 462, 463, 465, 466, 467, 470, 472, 473, 474, 475, 476, 477, 478, 480, 484, 487, 488, 489, 493, 495, 496, 498, 501, 503, 506, 507, 510, 512, 514, 516, 520, 522, 524, 525, 528, 529, 530, 531, 532, 535, 537, 538, 539, 541, 542, 543, 548, 550, 551, 553, 554, 556, 557, 560, 562, 563, 564, 566, 567, 568, 570, 574, 576, 578, 579, 580, 583, 584, 585, 590, 592, 593, 594, 597, 598, 599, 600, 601, 602, 603, 604, 605, 606, 608, 609, 610, 611, 613, 614, 615, 616, 617, 619, 621, 623, 626, 628, 629, 631, 634, 635, 637, 640, 641, 642, 643, 644, 646, 647, 651, 652, 653, 657, 658, 659, 662, 663, 665, 666, 667, 668, 673, 675, 676, 679, 681, 683, 684, 685, 688, 690, 691, 693, 695, 696, 698, 699, 700, 702, 704, 707, 708, 709, 710, 711, 713, 714, 715, 716, 717, 719, 720, 721, 724, 725, 726, 727, 729, 736, 738, 739, 742, 743, 747, 750, 751, 752, 753, 755, 756, 757, 758, 759, 760, 762, 764, 767, 768, 769, 772, 775, 777, 778, 779, 780, 781, 782, 783, 784, 785, 786, 787, 789, 790, 792, 793, 794, 795, 803, 804, 805, 806, 807, 808, 810, 811, 812, 814, 815, 816, 817, 818, 824, 825, 826, 828, 833, 834, 835, 837, 838, 840, 842, 843, 847, 851, 853, 855, 856, 858, 860, 861, 862, 863, 865, 866, 867, 868, 871, 872, 875, 876, 877, 878, 881, 882, 883, 884, 890, 891, 892, 893, 894, 897, 899, 900, 902, 904]
Group 2 (size=185): [1, 3, 515, 517, 518, 519, 521, 10, 523, 526, 15, 527, 533, 26, 29, 544, 546, 547, 549, 552, 555, 559, 49, 50, 57, 58, 62, 63, 575, 577, 68, 582, 73, 586, 587, 588, 589, 591, 80, 85, 86, 90, 607, 99, 100, 612, 102, 618, 620, 624, 625, 113, 627, 115, 118, 632, 636, 127, 129, 132, 133, 134, 648, 138, 654, 660, 661, 664, 153, 669, 157, 671, 672, 670, 674, 158, 678, 680, 174, 687, 686, 697, 185, 187, 198, 208, 209, 723, 730, 220, 733, 737, 226, 740, 228, 232, 745, 746, 749, 754, 763, 765, 766, 255, 770, 771, 260, 264, 267, 274, 275, 788, 276, 791, 281, 797, 798, 288, 801, 802, 800, 292, 296, 809, 300, 308, 822, 314, 315, 316, 830, 319, 832, 325, 326, 328, 841, 844, 333, 846, 848, 337, 854, 345, 346, 873, 874, 362, 367, 887, 888, 379, 895, 384, 896, 386, 898, 901, 394, 396, 401, 402, 405, 415, 422, 427, 429, 433, 436, 444, 445, 454, 457, 458, 460, 479, 482, 485, 492, 497, 499, 502, 508, 509, 511]
Group 3 (size=165): [513, 4, 5, 22, 534, 28, 540, 31, 545, 38, 558, 561, 51, 54, 569, 571, 572, 573, 66, 581, 71, 78, 596, 97, 98, 101, 103, 104, 107, 108, 622, 114, 117, 630, 633, 122, 125, 638, 639, 128, 137, 650, 649, 141, 143, 144, 655, 656, 149, 152, 154, 161, 165, 166, 167, 677, 169, 170, 172, 175, 689, 178, 692, 184, 703, 705, 706, 197, 712, 202, 718, 206, 722, 728, 731, 732, 734, 735, 227, 229, 741, 744, 748, 248, 761, 250, 252, 773, 774, 776, 266, 796, 799, 297, 299, 813, 819, 820, 821, 823, 827, 317, 318, 831, 320, 321, 324, 839, 329, 845, 334, 849, 338, 850, 852, 341, 857, 347, 859, 864, 869, 870, 360, 364, 365, 880, 369, 372, 886, 375, 376, 889, 377, 374, 399, 404, 411, 414, 417, 419, 420, 425, 426, 435, 437, 443, 446, 448, 449, 452, 453, 459, 464, 468, 469, 471, 481, 483, 486, 490, 491, 494, 500, 504, 505]
